env_name: MiniGrid-Fetch-6x6-N2-v0
total_timesteps: 100000
mean_reward: 0.01990000009536743
std_reward: 0.13930000066757203
model_path: data/models/MiniGrid-Fetch-6x6-N2-v0_ppo_model_20250113_021318.zip
Training Configuration:
  env_name: MiniGrid-Fetch-6x6-N2-v0
  total_timesteps: 100000
  n_steps: 256
  batch_size: 64
  ent_coef: 0.01
  max_objects: 10
  max_walls: 16
  device: cpu
