env_name: "MiniGrid-Fetch-5x5-N2-v0"
model_type: "A2C"
total_timesteps: 1000000
device: "cpu"
n_steps: 6
gamma: 0.0018465168554889055
gae_lambda: 0.011645833117335965
ent_coef: 8.639729568554588e-05
learning_rate: 0.0047826169116580676
max_grad_norm: 00.46937108004931655